5677868111111111111111111
56778681111111111389279111
3428698317017580917430437689
5677868111144444443333333
5677868999999999999999999999999999
3428698317017000000000000000000000000000
5677868111144444443333333
5677868999999999999999999999999999
3428698317017000000000000000000000000000
5677868111144444443333333
5677868999999999999999999999999999
3428698317017000000000000000000000000000
5677868111144444443333333
5677868999999999999999999999999999
3428698317017000000000000000000000000000
5677868111144444443333333
5677868999999999999999999999999999
3428698317017000000000000000000000000000
5677868111144444443333333
5677868999999999999999999999999999
3428698317017000000000000000000000000000
5677868111144444443333333
5677868999999999999999999999999999
3428698317017000000000000000000000000000
5677868111144444443333333
5677868999999999999999999999999999
3428698317017000000000000000000000000000
